75 65 65 65 65 65 65 65 71 65 65 65 65 65 66 65 65 70 65 66 65 65 65 65 65 66 67 65 65 66 66 65 65 65 70 65 65 65 65 65 65 65 65 71 66 65 65 65 65 65 
65 65 70 65 65 66 65 65 65 65 70 65 65 65 65 65 65 66 65 70 65 65 65 65 65 67 65 65 70 65 66 66 65 65 68 65 70 65 65 65 65 65 66 65 65 70 65 65 65 65 
65 66 65 65 70 66 67 66 65 65 66 65 71 65 65 65 66 65 65 66 65 71 66 66 67 66 66 67 65 66 66 66 66 67 66 65 65 65 70 66 65 66 65 66 66 66 67 71 66 65 
66 65 65 66 65 71 65 65 66 65 65 67 65 65 65 65 65 66 65 66 66 66 65 66 65 65 66 65 66 66 66 65 66 66 65 66 66 66 66 66 66 65 66 66 66 66 66 66 67 67 
66 67 66 67 65 66 66 66 66 66 66 66 66 66 67 65 66 66 66 66 66 66 67 66 66 66 67 67 67 66 66 66 66 67 67 66 66 67 67 68 67 67 67 66 67 66 67 67 66 67 
66 66 67 66 67 66 66 66 66 67 65 66 66 66 67 67 66 66 67 67 66 67 66 67 67 66 67 67 66 67 66 67 67 67 68 67 67 68 68 67 68 67 68 67 67 67 67 68 66 68 
68 67 68 67 67 67 67 67 67 66 67 66 67 66 66 66 66 65 66 66 66 66 66 66 66 67 66 66 67 68 66 67 67 68 67 67 67 67 67 66 66 66 66 66 66 67 67 69 80 66 
67 68 67 66 67 67 67 66 66 66 66 67 66 66 67 66 67 66 66 66 66 66 66 67 66 66 66 66 65 67 66 66 66 66 65 66 66 66 67 67 66 67 83 67 66 66 67 65 66 67 
66 66 66 65 67 67 66 67 66 66 66 66 66 67 66 66 66 66 67 66 66 67 66 66 66 67 66 66 65 65 66 65 65 68 66 66 66 66 66 67 65 65 66 66 66 66 66 65 66 66 
65 66 65 66 66 66 65 66 66 66 66 67 66 67 67 66 66 66 66 66 66 66 65 65 66 66 65 66 66 66 66 65 66 66 65 66 65 65 66 65 65 66 65 65 66 65 65 66 65 65 
66 65 66 66 65 68 66 66 66 66 66 65 65 66 65 66 65 66 66 65 65 65 65 65 67 65 65 65 65 66 65 66 66 65 65 65 66 65 65 66 65 66 65 66 65 65 66 66 65 65 
66 66 66 66 66 66 65 65 66 65 66 66 65 65 65 65 65 65 65 66 66 65 65 66 66 66 65 65 66 66 65 66 66 65 66 65 65 66 66 66 67 65 67 66 65 65 66 65 65 66 
66 65 65 65 66 66 65 65 66 65 66 66 65 66 66 66 66 66 66 66 66 66 66 65 65 66 66 66 66 66 66 66 65 66 66 66 66 66 66 66 66 66 66 66 66 66 66 67 66 66 
65 67 66 66 66 66 66 66 66 66 65 66 66 66 65 66 66 66 66 66 66 66 66 66 66 66 65 66 65 67 66 66 65 65 65 66 66 65 65 66 65 66 65 65 66 66 65 66 65 66 
66 66 66 66 66 65 66 65 66 66 65 65 66 65 66 66 66 66 66 66 66 65 65 66 66 66 67 66 66 66 66 66 66 65 67 66 66 66 66 66 65 67 66 66 65 66 65 65 65 66 
66 66 66 68 65 66 65 65 66 65 66 65 66 65 66 67 66 66 65 66 65 65 66 65 66 67 66 65 66 66 65 66 66 65 66 65 65 65 65 66 65 66 65 65 66 66 66 67 66 66 
66 66 66 66 66 66 66 66 65 66 66 66 66 66 66 66 67 66 67 67 66 66 66 66 67 66 66 66 66 65 67 66 66 65 66 66 67 67 66 66 66 67 67 66 66 65 65 66 65 66 
66 66 68 66 67 66 66 66 66 66 67 66 66 66 66 66 69 66 66 66 67 66 66 66 66 66 66 66 66 67 68 66 66 66 66 66 66 66 66 66 66 66 66 67 66 66 66 66 66 67 
66 66 66 66 67 66 66 66 66 66 66 66 66 66 66 66 66 66 66 66 66 66 66 66 66 67 66 66 66 66 66 67 66 66 66 65 66 66 68 66 66 66 66 66 66 66 66 66 66 66 
66 66 66 66 66 66 66 66 66 66 66 66 66 66 66 66 66 66 67 66 66 66 66 66 66 66 66 67 66 67 66 66 66 66 66 67 66 66 66 66 66 66 66 66 66 66 66 66 66 66 
79 78 78 78 78 78 78 78 77 78 78 78 78 78 78 78 78 78 77 78 79 77 78 78 78 77 78 78 78 78 77 78 78 78 78 78 78 78 79 78 78 78 78 77 78 78 79 79 79 80 
169 168 168 168 168 168 168 170 170 167 168 168 167 168 169 167 170 168 169 168 169 169 167 168 168 168 169 168 169 168 168 169 169 169 168 168 167 172 170 168 169 167 168 168 167 168 168 169 167 170 
246 246 243 244 244 244 245 244 260 244 244 245 244 247 247 247 245 245 245 245 245 244 245 246 244 246 246 246 245 245 245 246 246 244 245 248 247 244 245 246 244 244 245 246 246 245 246 245 244 245 
421 423 420 420 421 420 419 420 419 421 422 420 423 422 420 420 420 419 416 420 418 421 418 421 417 422 420 417 420 416 419 420 417 420 419 419 421 418 420 418 420 421 420 420 417 418 419 421 424 418 
633 635 636 635 638 636 632 636 630 639 633 636 636 640 636 631 634 631 635 629 633 634 633 632 632 629 633 636 639 634 630 640 633 634 640 634 632 635 632 630 637 637 633 634 656 636 632 635 638 633 
919 919 919 912 925 938 916 916 923 934 915 919 923 916 922 918 921 927 917 921 917 928 918 916 943 919 923 926 930 922 923 924 917 919 916 929 926 916 922 915 924 922 923 917 923 920 912 915 917 919 