0 0 0 0 0 0 0 0 0 0 0 0 0 0 0 0 0 0 0 0 0 0 0 0 0 0 0 0 0 0 0 0 0 0 0 0 0 0 0 0 0 0 0 0 0 0 0 0 0 0 
0 0 0 0 0 0 0 0 0 0 0 0 0 0 0 0 0 0 0 0 0 0 0 0 0 0 0 0 0 0 0 0 0 0 0 0 0 0 0 0 0 0 0 0 0 0 0 0 0 0 
0 0 0 0 0 0 0 0 0 0 0 0 0 0 0 0 0 0 0 0 0 0 0 0 0 0 0 0 0 0 0 0 0 0 0 0 0 0 0 0 0 0 0 0 0 0 0 0 0 0 
0 0 0 0 0 0 0 0 0 0 0 0 0 0 0 0 0 0 0 0 0 0 0 0 0 0 0 0 0 0 0 0 0 0 0 0 0 0 0 0 0 0 0 0 0 0 0 0 0 0 
0 0 0 0 0 0 0 0 0 0 0 0 0 0 0 0 0 0 0 0 0 0 0 0 0 0 0 0 0 0 0 0 0 0 0 0 0 0 0 0 0 0 0 0 0 0 0 0 0 0 
0 0 0 0 0 0 0 0 0 0 0 0 0 0 0 0 0 0 0 0 0 0 0 0 0 0 0 0 0 0 0 0 0 0 0 0 0 0 0 0 0 0 0 0 0 0 0 0 0 0 
0 1 1 1 1 1 0 1 0 0 1 0 1 0 0 1 1 0 1 1 1 1 1 1 0 1 0 1 1 1 0 1 0 0 1 1 0 0 0 1 0 0 1 1 1 1 1 1 0 1 
2 2 2 3 3 2 2 2 3 3 2 3 3 3 3 2 3 3 3 3 2 2 3 3 2 3 3 3 2 2 3 2 2 3 3 3 3 3 2 2 3 2 2 3 2 3 3 3 2 2 
7 9 9 8 10 8 8 8 9 9 8 8 9 9 9 9 10 9 8 10 8 9 8 8 10 11 9 9 8 10 11 8 10 7 8 8 11 10 10 8 10 8 8 9 9 9 9 9 9 9 
23 25 31 26 23 35 28 31 27 25 27 24 24 24 30 25 26 28 24 23 33 24 26 25 27 26 26 33 26 24 35 29 28 24 35 25 31 35 25 24 26 30 30 26 24 25 32 28 27 23 
70 84 76 74 78 72 72 73 80 78 74 76 95 78 95 82 96 83 74 78 81 83 101 80 88 73 83 89 83 95 73 89 74 96 73 101 87 82 76 95 74 81 74 79 75 73 81 71 93 93 
218 287 290 292 260 268 375 301 258 291 218 302 303 223 223 220 234 231 278 232 238 248 271 211 336 333 227 209 225 246 302 243 242 252 228 296 253 261 237 243 261 296 253 211 287 217 297 230 204 300 
647 646 681 654 831 888 735 645 766 834 672 729 663 753 650 625 935 950 927 949 757 955 801 814 977 755 746 644 919 637 665 767 638 932 798 713 753 990 907 952 823 808 842 917 940 815 738 656 653 766 
1995 2093 2130 2234 2147 2957 2891 2319 2911 2424 2240 2719 2131 2000 2175 2119 2318 2448 2273 2253 2346 2580 2358 2409 2187 1992 2901 2002 2281 2122 2911 2380 2025 2044 2476 2022 2466 2208 2348 2636 2131 2184 2994 2957 2502 2868 2022 2992 2564 2480 
6195 6405 6858 7267 8055 6515 6900 10240 6228 7337 6544 7238 6003 5797 6426 9161 6761 9160 9491 7038 10197 6693 6372 6285 9423 6514 6193 8921 9024 10098 6503 6625 7335 6072 8962 6883 6042 6612 9116 7895 7479 8543 8872 6139 6242 7883 7477 7582 6260 6271 
18890 19232 20659 22105 20718 24033 21667 27742 25326 30147 20908 23868 20762 28896 21285 20156 20221 21853 32941 20571 24044 20201 19088 24177 20247 22320 17898 22671 26726 21998 23103 19166 21122 25088 19829 19466 18311 24471 18623 18241 19569 20578 22777 24398 30220 19107 23145 18073 25308 24153 
58256 68750 61916 74087 79710 73274 59317 67809 88263 68323 77869 68400 65458 88192 64060 81369 66098 85280 55346 68860 94577 62163 58792 62233 58606 75870 68966 85432 69089 91084 86695 98120 61247 64928 61392 67268 62798 64248 66200 58822 85002 63737 73075 73304 85864 72743 67431 64378 72294 71651 
179934 238031 251112 176464 200879 186125 243185 220125 285813 180681 167566 172723 241278 263007 195118 289065 321477 168580 172416 231412 291210 173378 217015 195403 218252 189908 207294 178459 201987 248205 171478 254057 167507 190500 194032 268613 211895 175750 230471 261438 177380 258028 266197 174119 168278 212534 265309 212510 214843 219887 
