0 0 0 0 0 0 0 0 0 0 0 0 0 0 0 0 0 0 0 0 0 0 0 0 0 0 0 0 0 0 0 0 0 0 0 0 0 0 0 0 0 0 0 0 0 0 0 0 0 0 
0 0 0 0 0 0 0 0 0 0 0 0 0 0 0 0 0 0 0 0 0 0 0 0 0 0 0 0 0 0 0 0 0 0 0 0 0 0 0 0 0 0 0 0 0 0 0 0 0 0 
0 0 0 0 0 0 0 0 0 0 0 0 0 0 0 0 0 0 0 0 0 0 0 0 0 0 0 0 0 0 0 0 0 0 0 0 0 0 0 0 0 0 0 0 0 0 0 0 0 0 
0 0 0 0 0 0 0 0 0 0 0 0 0 0 0 0 0 0 0 0 0 0 0 0 0 0 0 0 0 0 0 0 0 0 0 0 0 0 0 0 0 0 0 0 0 0 0 0 0 0 
0 0 0 0 0 0 0 0 0 0 0 0 0 0 0 0 0 0 0 0 0 0 0 0 0 0 0 0 0 0 0 0 0 0 0 0 0 0 0 0 0 0 0 0 0 0 0 0 0 0 
0 0 0 0 0 0 0 0 0 0 0 0 0 0 0 0 0 0 0 0 0 0 0 0 0 0 0 0 0 0 0 0 0 0 0 0 0 0 0 0 0 0 0 0 0 0 0 0 0 0 
0 0 0 0 0 0 0 0 0 0 0 0 0 0 0 0 0 0 0 0 0 0 0 0 0 0 0 0 0 0 0 0 0 0 0 0 0 0 0 0 0 0 0 0 0 0 0 0 0 0 
0 0 0 0 0 0 0 0 0 0 0 0 0 0 0 0 0 0 0 0 0 0 0 0 0 0 0 0 0 0 0 0 0 0 0 0 0 0 0 0 0 0 0 0 0 0 0 0 0 0 
0 0 0 0 0 0 0 0 0 0 3 0 0 0 0 0 0 0 0 0 0 0 0 0 0 1 0 0 0 0 0 0 0 0 0 0 0 0 0 0 0 0 0 0 0 0 0 0 0 0 
1 1 1 1 1 1 1 1 1 1 1 1 1 1 1 1 1 1 1 0 1 1 1 1 1 1 1 1 1 1 1 1 1 1 1 1 1 1 1 1 1 1 1 1 0 1 1 1 1 1 
1 2 2 2 2 1 1 2 2 2 2 1 2 2 3 2 3 2 2 1 2 2 3 2 2 2 2 2 2 3 2 2 1 3 3 2 2 2 2 2 1 3 2 2 2 2 2 2 5 2 
3 3 4 5 4 5 5 5 4 4 3 4 5 4 3 3 4 3 5 4 6 4 3 3 5 5 4 3 4 4 5 6 4 4 4 3 4 7 3 4 6 5 3 3 5 3 4 3 3 4 
5 5 7 6 7 6 7 6 8 8 5 7 7 5 6 5 8 8 11 5 6 8 10 13 7 6 6 4 9 5 5 5 5 7 13 6 6 11 8 10 5 8 8 8 9 6 6 5 8 8 
8 8 10 9 9 18 17 9 16 13 11 16 8 10 10 12 17 30 18 11 13 13 15 12 10 8 15 7 14 10 11 12 16 13 17 10 11 9 16 16 9 8 15 16 12 10 8 14 9 11 
13 14 27 18 22 25 15 40 15 24 24 17 14 14 19 35 49 17 38 17 30 17 20 22 27 18 16 21 22 20 19 16 27 27 31 22 13 21 26 20 27 23 17 17 15 16 23 32 16 19 
23 27 48 38 23 30 26 41 27 55 30 38 25 42 46 73 26 35 34 26 37 24 22 69 31 29 20 33 33 31 43 45 40 57 30 26 21 41 22 34 31 29 24 47 67 25 39 18 35 44 
37 55 90 52 93 75 50 41 90 62 81 51 41 89 147 50 56 58 49 45 107 54 42 61 66 56 97 85 89 116 68 124 58 44 55 43 49 36 56 43 60 42 80 51 69 62 57 66 38 53 
62 100 119 61 118 78 134 76 213 55 60 75 64 331 72 138 121 76 64 142 124 59 68 59 70 65 91 60 95 109 46 87 60 63 83 79 132 65 104 208 62 121 95 77 77 91 111 79 83 79 
100 133 98 141 101 133 115 159 203 234 89 132 132 97 169 97 141 111 225 160 141 97 97 251 153 174 211 92 180 122 166 145 91 71 155 116 198 212 142 176 172 127 170 103 77 120 146 196 261 130 
157 259 128 173 236 218 154 234 143 126 233 286 252 239 193 280 241 447 332 224 213 194 306 271 232 154 246 127 133 417 345 307 204 150 215 406 151 300 276 192 191 187 273 214 149 175 170 328 223 140 