0 0 0 0 0 0 0 0 0 0 0 0 0 0 0 0 0 0 0 0 0 0 0 0 0 0 0 0 0 0 0 0 0 0 0 0 0 0 0 0 0 0 0 0 0 0 0 0 0 0
0 0 0 0 0 0 0 0 0 0 0 0 0 0 0 0 0 0 0 0 0 0 0 0 0 0 0 0 0 0 0 0 0 0 0 0 0 0 0 0 0 0 0 0 0 0 0 0 0 0 
0 0 0 0 0 0 0 0 0 0 0 0 0 0 0 0 0 0 0 0 0 0 0 0 0 0 0 0 0 0 0 0 0 0 0 0 0 0 0 0 0 0 0 0 0 0 0 0 0 0 
0 0 0 0 0 0 0 0 0 0 0 0 0 0 0 0 0 0 0 0 0 0 0 0 0 0 0 0 0 0 0 0 0 0 0 0 0 0 0 0 0 0 0 0 0 0 0 0 0 0 
0 0 0 0 0 0 0 0 0 0 0 0 0 0 0 0 0 0 0 0 0 0 0 0 0 0 0 0 0 0 0 0 0 0 0 0 0 0 0 0 0 0 0 0 0 0 0 0 0 0 
0 0 0 0 0 0 0 0 0 0 0 0 0 0 0 0 0 0 0 0 0 0 0 0 0 0 0 0 0 0 0 0 0 0 0 0 0 0 0 0 0 0 0 0 0 0 0 0 0 0 
0 0 0 0 0 0 0 0 0 0 0 0 0 0 0 0 0 0 0 0 0 0 0 0 0 0 0 0 0 0 0 0 0 0 0 0 0 0 0 0 0 0 0 0 0 0 0 0 0 0 
0 0 0 0 0 0 0 0 0 0 0 0 0 0 0 0 0 0 0 0 0 0 0 0 0 0 0 0 0 0 0 0 0 0 0 0 0 0 0 0 0 0 0 0 1 0 0 0 0 0 
0 0 0 0 0 0 0 0 0 0 0 0 0 0 0 0 0 0 1 0 0 0 0 0 0 0 0 0 0 0 0 0 0 0 0 0 0 0 0 0 0 0 0 0 0 0 0 0 0 0 
1 1 1 1 1 1 1 1 1 1 1 1 2 1 1 1 1 2 1 2 1 1 1 1 1 1 1 1 2 1 1 1 1 1 1 2 1 1 1 1 1 1 1 1 1 1 1 1 1 1 
3 3 5 3 4 3 3 4 3 8 8 4 3 3 4 4 4 3 3 3 3 4 4 3 3 4 4 4 3 3 4 3 3 4 3 3 4 4 4 4 5 3 4 3 3 4 3 4 3 5 
7 7 7 9 7 7 9 8 8 9 26 21 20 28 20 18 33 12 8 11 7 10 8 14 16 10 10 7 9 8 11 8 7 7 11 10 9 9 11 7 9 11 7 11 9 9 10 7 8 9 
17 18 16 41 28 27 32 19 19 21 21 21 21 21 17 24 17 20 25 21 16 22 24 22 17 22 26 26 20 20 16 19 16 23 23 22 19 21 17 21 16 22 16 20 30 23 20 27 23 22 
35 35 52 44 35 44 44 66 54 47 46 49 47 54 52 37 47 51 46 35 59 57 53 37 35 54 34 44 35 51 49 35 36 56 53 50 43 48 46 38 35 57 44 72 107 64 46 51 35 56 
83 114 82 82 86 98 82 99 116 82 100 97 76 90 79 102 84 92 132 107 101 83 126 85 81 99 80 115 117 87 81 123 98 84 111 80 79 98 119 100 103 106 80 105 77 103 108 132 77 99 
272 299 233 227 218 190 234 256 251 223 182 499 279 240 217 312 310 476 258 295 174 248 285 303 261 214 286 180 300 259 269 186 180 242 344 222 188 262 207 273 263 199 301 280 356 199 249 171 264 173 
388 564 492 373 625 422 403 650 436 406 631 515 703 679 597 586 578 584 530 463 563 615 473 535 441 480 533 478 535 586 383 498 583 377 464 627 518 378 490 535 461 491 612 488 629 634 367 466 525 396 
1232 823 1252 919 1162 892 969 1050 1087 963 1242 1091 1101 1214 849 1348 1260 1338 829 1213 1266 838 937 1054 850 849 1210 1061 898 854 844 825 848 1069 999 828 857 1224 1329 1012 844 1058 832 1057 838 1067 822 1221 1127 898 
2838 1954 1819 1791 1809 1793 2545 1837 1806 2312 1636 2864 2434 2825 1766 2145 2798 1771 2068 2841 2128 1988 2602 1767 1918 2887 1923 1886 2001 2635 2942 2439 1406 1893 1824 1991 3209 2960 2577 2473 2560 1822 2201 2179 1758 1321 1721 2527 2103 2243 
5562 2940 5490 3760 5456 3795 5299 4813 3744 2919 4284 3867 5474 3775 5984 4492 3862 5458 5570 4503 4243 6016 4275 5463 4807 6137 3751 3824 4349 3762 3739 5460 4806 5473 4669 4510 5607 5282 5452 5477 4880 5282 3866 4899 4078 5474 4228 3753 4646 5970 